5.66
54.3
715.72
5.71
53.23
715.72
5.73
53.95
715.69
5.76
52.68
715.71
5.77
53.35
715.7
5.78
53.5
715.73
5.78
53.37
715.74
5.79
52.98
715.77
5.82
53.54
715.73
5.85
55.06
715.74
5.9
54.98
715.79
5.95
54.35
715.73
6.0
53.94
715.74
6.05
53.12
715.74
6.09
53.4
715.74
6.16
52.97
715.79
6.23
52.81
715.75
6.25
53.25
715.72
6.3
52.9
715.72
6.35
53.42
715.72
6.39
53.05
715.69
6.44
52.83
715.7
6.48
51.72
715.7
6.46
50.65
715.71
6.43
50.53
715.68
6.42
51.76
715.71
6.41
51.48
715.65
6.38
50.8
715.68
6.36
51.72
715.65
6.35
52.7
715.66
6.35
52.04
715.64
6.38
52.82
715.66
6.39
52.57
715.62
6.43
52.67
715.63
6.46
52.67
715.66
6.46
52.8
715.64
6.48
52.69
715.66
6.47
52.41
715.69
6.47
52.18
715.68
6.49
52.58
715.67
6.48
52.28
715.66
6.46
52.25
715.68
6.44
51.97
715.67
6.44
53.36
715.65
6.49
54.3
715.65
6.55
54.47
715.7
6.61
52.53
715.66
6.56
52.33
715.67
6.49
51.88
715.67
6.43
53.57
715.68
6.41
53.98
715.69
6.33
52.14
715.7
6.29
53.22
715.66
6.21
52.12
715.7
6.1
51.89
715.68
6.01
51.94
715.68
5.91
52.06
715.7
5.79
52.4
715.74
5.69
52.72
715.7
5.62
52.97
715.68
5.53
53.21
715.71
5.45
53.64
715.69
5.38
53.91
715.68
5.33
54.36
715.68
5.27
54.83
715.64
5.21
54.98
715.68
